0.47124
0.47124
0.47124
0.47124
0.47124
0.47124
0.47124
0.47124
0.47124
0.47124
0.47124
0.47124
0.47124
0.47124
0.47124
0.47124
0.47124
0.47124
0.47124
0.47124
0.47124
0.47124
0.47124
0.47124
0.47124
0.47124
0.47124
0.47124
0.47124
0.47124
0.47124
0.47124
0.47124
0.47124
0.47124
0.47124
0.47124
0.47124
0.47124
0.47124
0.47124
0.47124
0.47124
0.47124
0.47124
0.47124
0.47124
0.47124
0.47124
0.47124
0.47124
0.47124
0.47124
0.47124
0.47124
0.47124
0.47124
0.47124
0.47124
0.47124
0.47124
0.47124
0.47124
0.47124
