-60.86922
-60.86922
-60.86922
-60.86922
-60.86922
-60.86922
-60.86922
-60.86922
-60.86922
-60.86922
-60.86922
-60.86922
-60.86922
-60.86922
-60.86922
-60.86922
-60.86922
-60.86922
-60.86922
-60.86922
-60.86922
-60.86922
-60.86922
-60.86922
-60.86922
-60.86922
-60.86922
-60.86922
-60.86922
-60.86922
-60.86922
-60.86922
-60.86922
-60.86922
-60.86922
-60.86922
-60.86922
-60.86922
-60.86922
-60.86922
-60.86922
-60.86922
-60.86922
-60.86922
-60.86922
-60.86922
-60.86922
-60.86922
-60.86922
-60.86922
-60.86922
-60.86922
-60.86922
-60.86922
-60.86922
-60.86922
-60.86922
-60.86922
-60.86922
-60.86922
-60.86922
-60.86922
-60.86922
-60.86922
-60.86922
