2.661986
2.661986
2.661986
2.661986
2.661986
2.661986
2.661986
2.661986
2.661986
2.661986
2.661986
2.661986
2.661986
2.661986
2.661986
2.661986
2.661986
2.661986
2.661986
2.661986
2.661986
2.661986
2.661986
2.661986
2.661986
2.661986
2.661986
2.661986
2.661986
2.661986
2.661986
2.661986
2.661986
2.661986
2.661986
2.661986
2.661986
2.661986
2.661986
2.661986
2.661986
2.661986
2.661986
2.661986
2.661986
2.661986
2.661986
2.661986
2.661986
2.661986
2.661986
2.661986
2.661986
2.661986
2.661986
2.661986
2.661986
2.661986
2.661986
2.661986
2.661986
2.661986
2.661986
2.661986
2.661986
