0.471236 2.661986 -60.86922
0.471236 2.661986 -60.86922
0.471236 2.661986 -60.86922
0.471236 2.661986 -60.86922
0.471236 2.661986 -60.86922
0.471236 2.661986 -60.86922
0.471236 2.661986 -60.86922
0.471236 2.661986 -60.86922
0.471236 2.661986 -60.86922
0.471236 2.661986 -60.86922
0.471236 2.661986 -60.86922
0.471236 2.661986 -60.86922
0.471236 2.661986 -60.86922
0.471236 2.661986 -60.86922
0.471236 2.661986 -60.86922
0.471236 2.661986 -60.86922
0.471236 2.661986 -60.86922
0.471236 2.661986 -60.86922
0.471236 2.661986 -60.86922
0.471236 2.661986 -60.86922
0.471236 2.661986 -60.86922
0.471236 2.661986 -60.86922
0.471236 2.661986 -60.86922
0.471236 2.661986 -60.86922
0.471236 2.661986 -60.86922
0.471236 2.661986 -60.86922
0.471236 2.661986 -60.86922
0.471236 2.661986 -60.86922
0.471236 2.661986 -60.86922
0.471236 2.661986 -60.86922
0.471236 2.661986 -60.86922
0.471236 2.661986 -60.86922
0.471236 2.661986 -60.86922
0.471236 2.661986 -60.86922
0.471236 2.661986 -60.86922
0.471236 2.661986 -60.86922
0.471236 2.661986 -60.86922
0.471236 2.661986 -60.86922
0.471236 2.661986 -60.86922
0.471236 2.661986 -60.86922
0.471236 2.661986 -60.86922
0.471236 2.661986 -60.86922
0.471236 2.661986 -60.86922
0.471236 2.661986 -60.86922
0.471236 2.661986 -60.86922
0.471236 2.661986 -60.86922
0.471236 2.661986 -60.86922
0.471236 2.661986 -60.86922
0.471236 2.661986 -60.86922
0.471236 2.661986 -60.86922
0.471236 2.661986 -60.86922
0.471236 2.661986 -60.86922
0.471236 2.661986 -60.86922
0.471236 2.661986 -60.86922
0.471236 2.661986 -60.86922
0.471236 2.661986 -60.86922
0.471236 2.661986 -60.86922
0.471236 2.661986 -60.86922
0.471236 2.661986 -60.86922
0.471236 2.661986 -60.86922
0.471236 2.661986 -60.86922
0.471236 2.661986 -60.86922
0.471236 2.661986 -60.86922
0.471236 2.661986 -60.86922
